Mixture,TS1,TS2,TS3,BS1,BS2,BS3,NS1,NS2,MS1,MS2,MS3,MS4,DS1,DS2,DS3,MK
qns31079_044,4.498987327795797,0,6.235448751523511,0,1.5882261491453256,7.349781381772728,1.961482154700122,0,43.498596642842976,7.064548228636705,16.9630596811508,0,0.09162537737909868,1.0943896761394347,3.333798291018475,6.320056337895018
qns31079_045,8.69158909822077,0.17935630856325052,7.707216154632825,1.3844184888117341,3.8325708437708945,7.427968770802148,4.465447507244908,3.477850263717222,24.079009335705585,8.215471837542282,11.281118109191816,0,2.988103740386714,3.69298486660333,5.56953212947476,7.007362545331752
qns31079_046,8.785437842035721,0,8.249642648982732,2.7292868765638914,4.208589915565076,8.050774738170686,4.60574994444105,1.7677829760551298,22.836060882481046,7.730100075479596,11.804262297868323,0,0.921050794015068,3.033190800607951,5.281675711344099,9.99639449638963
qns31079_047,2.423917161738729,0,5.6541270374025014,0,2.748487483761004,6.011781358527828,3.40623240194068,0.8567895620132323,36.126010317387156,16.83709800242911,12.930112981618166,0,0.6868771628427297,1.1821619816041116,4.769649197532338,6.366755351202419
qns31079_048,9.883359069185675,0,7.711068986050725,0,3.7046402555086564,7.396717341350907,3.8834760544979696,1.6922790296332608,33.94108152628745,9.536787057779033,11.095729031289462,0,0.9707247993521767,1.327309340799326,4.83631183084462,4.020515677420751
qns31079_053,5.389774831898073,0,7.83827483365534,1.2898120371865975,3.5796268509898277,7.140785074715543,5.244758247306548,1.682231759286396,26.85693759841672,11.213079473090419,12.184821419171593,0,1.9059974525694627,3.0709192636827707,5.0229012615211195,7.580079896509583
qns31079_054,5.241869374250017,0,7.080743715971178,0.3913931611150217,3.8388936054204543,6.966386365513679,5.6566046708033575,1.654852094476015,36.44147422128648,8.39803507230443,11.150112490799659,0,2.092110325103599,2.313565788965648,5.2142965039895834,3.5596626100008883
qns31079_055,5.70143490399101,0,9.03678857582908,0,3.7718385231807776,7.531801671329706,4.4216282461744365,2.536946248628804,28.901632231075396,8.011635437333362,14.923896665610279,0,2.5445573233423624,3.1734070862357417,5.463836715530868,3.9805963717381805
qns31079_056,0,0,6.832967131570442,0,1.4900582590361764,5.941693592711918,3.9294203325068824,0.22430949416863263,52.05373508535456,0.6539065073295998,14.27469465897655,0,1.9201120612111495,0.8337226575957873,4.902418237222135,6.942961982316167
qns31079_057,2.3144862096263505,0,7.379189040513015,0,2.5044300405441793,6.214706165753705,3.9414587752509047,1.493909547546378,43.70701506447713,0,20.254164755650958,0,1.8920134087993206,0.9134609986884796,5.996186263607123,3.3889797295424495
qns31079_058,0,0,9.448830008997168,0,3.1146777052364727,6.54479136653721,5.014409002885645,0,46.08024390504302,1.5570970115833607,15.529883675067635,0,1.8391456193410334,1.827813356088441,5.431846474049508,3.611261875170499
qns31079_059,1.2438787770892636,0,6.664439741885672,0,2.8150752118087423,5.666515277452905,3.989142826271979,2.3548610569358157,38.9320624928687,8.377271174468348,15.66046849224805,0,0.7762259554402663,1.6003519005281117,5.0971051348920655,6.822601958110068
qns31079_061,9.35418346909781,0.8029107545728565,7.801302749407939,2.214830615260824,4.2945210992686675,7.380012092577239,4.38400202877024,2.868542659617013,22.698159404070946,8.832391166545733,8.227573845885532,0,3.632997309812573,4.023658517377263,6.004023938422327,7.480890349313039
qns31079_062,5.317581844846461,0,9.268214430906871,0,3.9532059099830255,6.520015560373352,5.734158684501564,1.9912513722461427,33.20006789624238,2.1731414380371006,15.850704893448375,0,3.1263608506898812,3.575309905407636,5.818463321858538,3.4715238914586903
qns31079_068,4.720485846473948,0,7.820566886046389,0,3.841670548537234,7.586639672590205,5.431519220305081,2.8192982911771134,32.58397632761109,2.9880004346293325,13.218978370476808,0,2.7948457159751925,3.2014347583400466,5.508896457444889,7.483687470392667
qns31079_069,8.089444699552764,0,8.18792346852328,0.6180541050158906,3.344039255806312,7.493574655466903,5.328370614242485,2.554363423498221,24.480152433840743,8.080673746786148,11.007594921669277,0,1.9463782009723958,3.131199070136713,4.947431982479346,10.790799422009528
qns31079_070,2.5781763424187307,0,10.016565456754087,0,1.6649038699233027,7.415380973417625,4.784451828683225,0,30.622862129311844,16.067752692042784,14.20186702613905,0,0,1.2144289416020475,2.3346617767699307,9.09894896293737
qns31079_071,2.5460055385594935,0,7.169002847624982,0,2.983889218852904,6.188065890302575,3.5786935968344156,1.515940846751738,42.87827032238386,0,16.659808571589124,0,2.3234821998331077,1.6108465071775009,4.9401697685068395,7.605824691583457
qns31079_072,4.300819844040749,0,8.907151816299894,0,4.009826840166031,8.849956497165469,4.551775428563838,2.088469182405886,31.113106520249517,9.540530475646548,10.837852386714525,0,2.181584308219412,2.37951981800615,5.566450730094962,5.672956152427027
qns31079_075,7.777128892958649,0,9.157443100340137,0,4.261702556593576,7.628664552063419,3.690856301162102,0.705183006885791,27.49105081314197,9.773734175364279,14.085143820818782,0,0.9617038749299157,2.1761302259925523,5.723330034710333,6.567928645038479
qns31079_076,6.287665736825597,0,8.73576333864906,0.1015933175685435,3.051425822367841,8.049067941019807,5.188062391817632,1.9231424534317947,34.80937917238723,2.4599278747237165,11.691063693625324,0,2.7637737317433553,2.4871768385431867,5.8004965216159174,6.651461165680997
qns31079_077,3.8998909886973974,0,7.017761339120561,4.829003614589741,4.935508612512725,7.353828518395964,4.734001252210953,2.5125784631147603,27.919816245199836,8.388679111740585,11.46844451758506,0,2.4666929003025633,3.327086013865202,5.3750478361251055,5.771660586539547
qns31079_079,14.259002199801238,0,7.949399476165563,0,0.19182692216705288,6.175847054318413,1.7551510164543163,0,32.42246963653458,3.9422638594842305,12.991504427809877,0,0,0.9419484056181793,3.1069274542384737,16.26365954740805
qns31079_080,10.559578362269615,0,8.528990800340985,0,2.748502939338213,7.0816424695998155,0.4365567779233586,0,36.73977848132642,6.7961361106254214,11.755031845323154,0,1.6278095438415234,2.488359983395262,4.872801983524246,6.364810702491987
qns31079_081,9.77045482816066,0,8.658703800532889,0.6587136398902917,3.603471651793121,8.860186838596675,1.9890928629330662,0.8098040700023137,37.6045715100524,1.6338500290364915,8.814275642271983,0,2.589298219710565,2.5245758953856936,5.391839865452085,7.091161146181777
qns31079_083,3.695280653564266,0,9.125164904325528,0,4.263436332459759,7.985845898502748,3.8940437529456884,1.8270481978223618,36.89951002131051,6.318403269304378,10.910944861456597,0,2.232407811580122,2.4310861274757816,5.466301465356041,4.950526703896209
qns31079_084,5.7551899351559195,0,7.474787460267791,0,1.5432074804545326,6.294694744256588,3.435224841167651,0.7287012900964283,34.15863987343462,9.36163064003445,20.11860619140684,0,0,1.6449663417402685,4.428282383698203,5.056068818286698
qns31079_085,0.14706800021467872,0,5.924322353952327,0.6295565034750525,1.895715686700435,6.4124844200482185,2.0811519558466895,0.6749917923700921,49.40210914485413,3.2028185548976977,16.8351787802983,0,0.9666510023408699,1.0546535568864501,3.9302161451120967,6.843082103002954
qns31079_086,0,0,7.499373118795681,0,3.997573284990022,6.776291598022981,4.263025362269529,0.2010932173637207,45.4534229686882,1.675419226587448,14.303368445137687,0,2.1303812453145214,1.8905820910257338,4.935346010904531,6.874123430899952
qns31079_087,8.96083736502775,0,9.617979890210757,0,3.083899310327127,7.826878917543984,4.940979990496832,2.312926513270188,33.468668733815726,0,10.287726564991523,0,2.1913012444317195,2.2374177393025936,5.174828067617774,9.896555662964017
qns31079_088,11.848904912600203,0,10.101061484557516,0,1.6434817567134017,8.220012621793025,2.9792047399787602,0.2192595789504374,26.60171189039118,11.063823655610163,13.617616011377908,0,0,1.7161942346865098,4.151996948155869,7.836732165185036
qns31079_089,1.5615624397444317,0,6.9616037545013665,0,1.9196912428379669,5.866716666255819,3.127868749165647,0.3668357212528382,57.58409814749301,1.2595631133403637,11.949260207425503,0,1.404455815171364,0.6466159016594087,5.049336051871131,2.3023921892811523
qns31079_090,5.424195482537031,0,8.500008989039927,0.7186852638525655,4.395620893910191,7.3926138018113985,3.4985424418321274,1.644131070004771,24.411384939549833,7.407764881871137,13.460867181693018,0,1.783321866093629,3.5412525909198953,6.202890878164981,11.618719718719491
qns31079_092,7.460338144519134,1.6336719539892661,7.2096975952187226,2.6149715766001216,5.571468503111827,7.631852278390916,4.329226072143677,3.115012425169617,23.969429513722133,6.179716416905792,11.545867787098599,0,2.801287773660063,3.6547109161655253,5.583128927481889,6.699620115822727
qns31079_093,10.690868493251084,0.1594964404866174,7.694922838591308,0.752603048393291,4.559303520132058,8.06300493669133,4.646556829515477,2.9610508023726956,19.197450679489165,12.033985952777153,12.974336983466028,0,2.692330644756017,3.804721635237636,5.4015963635091255,4.367770831331005
qns31079_094,1.8257167918277406,0,5.971723195182827,0,3.4397263680105086,5.834387444512004,4.089781586181841,0.3076467448731005,51.11421265969738,0.8462658391090035,12.738124383843525,0,1.1677289438884373,1.2049726202517979,4.842586488496335,6.617126934125503
qns31079_188,7.04907488641889,0,8.703910708354027,0,4.5190840332565205,8.42429249036619,2.950197716423341,0.2600905503494501,23.33176957059841,11.474938198927672,13.559191161338081,0,0.7758475302379979,2.5046943411765477,4.7436492350580135,11.703259577494865
qns31079_190,2.938195680230544,0,6.342805997360817,0,2.2748913734512177,7.503637659189303,3.646261620594555,0.7938487581938899,44.393373057497406,1.316301959864718,17.252437463785235,0,0.651846198508934,1.0323040679676232,3.8962789539633835,7.957817209392393
qns31079_191,8.308052726291656,3.790698799506573,7.9057782630736035,2.6081878684352975,6.647234384777654,7.573898366610873,5.373228058931049,4.099309568697119,13.053521033917317,7.33734890321003,9.51583392959854,0,3.5587758376432097,6.198246808316809,6.849069881680983,7.1808155693092814
qns31079_192,1.6866378768722439,0,8.380649403469837,0,1.7613950669211718,6.605766320779388,5.991960017807562,2.355870234141894,36.530590381518294,4.0665558526203,14.199890519324196,0,2.1358919094206823,2.0090314837536547,4.778680836799349,9.49708009657144
qns31079_194,6.478144437421658,0,7.534451337069214,0.5238452637574674,3.282773483384465,6.9775081125063645,5.176149297483222,2.168925523150272,35.37611244878014,3.7530251908571106,11.736312156029294,0,2.7739966162698377,3.0729849251085057,5.189707066462181,5.9560641417202715
qns31079_195,7.591632797251247,0,7.54451701640663,0.9809370444747543,5.007420062047461,7.136444132266161,5.025279152325023,3.8169341831206807,25.083714716944506,5.426050003197729,12.180169959201557,0,3.732873074149521,3.919506199679304,5.731807485515908,6.822714173419528
qns31079_196,4.961589362099553,0,7.583036586089994,0,3.600387234755092,6.894531378852971,4.90068119492197,2.0723987908022243,36.90834462069707,6.0047711372768635,9.808490133481182,0,2.606417513511475,2.5321122512642233,5.080942978708615,7.046296817538768
qns31079_197,3.660264351058152,0,8.231651735861647,1.3921740518995527,3.3408458273489496,7.287679803706193,5.001462256778814,1.8143559282091246,30.919594537239426,0.3546726758025935,16.55321214350422,0,3.0543466748307595,3.583143309679397,5.589896539135892,9.216700164945276
qns31079_198,7.836087113875205,0,7.002201171851595,0,2.097353905220471,7.070238518095974,2.033185823120413,0,41.92641480160738,7.695121931600156,10.893613272341014,0,0.9819414501477889,1.0635146336619965,4.63484168413452,6.765485694343481
qns31079_199,5.091790902926297,0,9.05510694194955,1.0209937072384685,3.883162728429147,7.713519352802196,4.856156733624139,1.7719992491243797,22.317197301347477,11.237700108573998,14.272443715265364,0,1.4742569039997404,3.1237031584995876,5.449218099284387,8.732751096935267
qns31079_201,6.060676572993804,0,8.358128998780472,0,3.4269143982558083,7.07097383414855,4.133857197359305,1.3315667685665502,28.668060823028686,13.143708736476768,12.81326347219778,0,1.9099262570564686,2.74793718906938,6.011998265195825,4.322987486870615
qns31079_202,4.163404148997649,0,7.816468999386441,0,3.687037089988453,6.95304002920531,5.560334350315874,3.4207168884651966,28.697903813751157,5.623432307141696,12.168201575332521,0,2.8288544272088827,3.214436148906183,5.712321230906838,10.153848990393808
qns31079_203,12.02189118710628,0,8.719062358774016,0,3.3779040665013924,7.354839133352361,3.1100908664523907,2.824355846976695,21.932342849094038,7.79164037398305,13.436139817771858,0,2.249202261574898,3.36682389895929,5.524556935849359,8.291150403604354
qns31079_204,11.856748578094104,0,7.752976959639487,1.6667128832453662,3.51771650325414,7.036300246117088,4.727662070910258,1.8927203944333906,27.786525172685444,6.740891737305264,11.2669226016213,0,2.2015938342042682,3.136398573517641,4.90027718411148,5.5165532608607775
qns31079_205,9.581593160730957,0.44818306672611197,8.793797988589477,1.741612491730575,3.813683737149112,7.502402410416312,5.085836996173458,3.4633683516097595,22.79292064768991,9.680758770303372,11.375840590058893,0,1.642889920085111,3.402489346939705,5.265821581105742,5.408800940691502
qns31079_206,4.0420435668066315,0,6.100486087821796,0,1.9890597335356501,5.87681954944608,3.5670740529158085,1.1296511308745756,46.94345428863194,6.347135513578241,8.49482814641775,0,1.3136431300897307,1.4207352146861605,3.6926266623626676,9.082442922832968
qns31079_207,2.5444847591722204,0,13.342709034722397,3.6009996985435033,16.481172670630386,11.088277672836663,1.9230627056257772,0,16.493041469010816,7.218508807286636,10.138451900763283,0,0.7236760550505398,4.082221465724324,6.266452683238544,6.096941077394912
qns31079_208,9.944650502577044,0,8.064136754245634,1.4135564527351174,4.84555409037011,7.934686165005458,4.43303197135527,2.1982869949176966,22.678560505311502,7.556656930863283,12.091510761084532,0,2.258423434336621,3.3194252564414466,6.124930404301173,7.13658977645512
qns31079_209,6.3795673415463705,0,7.973748837467359,0.9903084268338287,5.422665682273813,6.9969126328809885,4.606829619541712,2.1895776001841734,33.30450234891349,2.3786124207543025,10.123497514220196,0,3.0672095396068646,3.4227149952246396,5.185875052729234,7.957977987823048
qns31079_211,6.3913270399270585,0.087967780559108,6.750499569147873,1.698539632900387,4.184113356898397,6.649514228681593,4.9700573912050325,2.9733769900974343,31.85052756050888,5.501298494723189,11.804571055636663,0,2.3293661689038005,3.352333511266089,5.346928848941414,6.109578370603076
qns31079_212,7.442496966641832,0,8.424460923261206,0,1.9119078732527712,7.142582316154206,2.3323835427626056,0,25.888369558477653,16.627186695735418,21.861741969787936,0,0,1.753920524996418,4.014221239041756,2.6007283898881934
qns31079_213,4.702793847235236,0,6.1956112076669445,0,2.7231633209791157,6.4247523067212775,2.758858505562637,0.9065515435474703,35.78812106891232,10.503201834218597,15.858632904255495,0,1.0732587514815828,1.7757578290188931,3.735603179833439,7.553693700566999
qns31079_214,4.037393276458402,0,5.977734487441567,0,1.581558365911819,6.109996961136786,3.322610187659735,0.8698763426384466,48.829897746199904,1.0178353937496352,13.708483459673632,0,1.9252519478857009,1.1812963675996357,4.07729716833644,7.360768295308269
qns31079_215,3.529693638393552,0,6.876477745828543,1.0698771605249737,3.636226988069747,6.812309936187113,5.683781007384297,2.1069619000911692,34.4398677435434,6.0863151336342884,10.127481377175307,0,2.9334923510147974,3.362897290773041,5.081354598806772,8.253263128572994
qns31079_217,0.41650064581121415,0,5.800766201975606,0,2.4578961198749494,6.376168878693833,1.9722992590631976,1.2055332176524354,53.88865731264369,3.220056549090563,11.486600886670947,0,2.5432759269470675,1.324437979943261,4.569419807692983,4.73838721394025
qns31079_218,0.14618324692608908,0,5.647582929236257,0,0.5509521207360892,5.771308859110599,2.337433029132337,0,55.164588731881835,3.7094212563212956,14.14060521350515,0,1.6253970451761686,0.5690420648203538,4.178727464277816,6.158758038876017
qns31079_220,3.404555286196651,0,6.72507012515368,1.0377582263138965,3.4927290973576235,7.2155246546696334,5.980301274137852,2.03980862355095,31.567221002436952,5.40132512212697,14.917405650315786,0,2.6482873507304303,2.803836450456803,5.329664971326113,7.4365121652266275
qns31079_221,3.9822904450272025,0,7.221518025927125,0.4899332833722027,2.781744190537434,6.896086037884662,4.869064422589639,2.558928087775418,38.98824321645835,5.055501222271283,11.898833151918522,0,1.9281902430123419,1.8472901121249836,5.2625118246970155,6.21986573640382
qns31079_226,7.4248509840177,0.8878386372086707,8.046286411903814,0.7488294749892288,3.623895985379362,7.547778167121254,4.595950324751148,2.23692005829,27.99471336801916,8.649447016056392,10.178104144841683,0,2.643406145926858,3.6116931920934054,5.328189086507247,6.482097002894085
qns31079_227,4.846937247110605,0,7.169145636430034,3.153392015864688,3.9191060905236696,6.983960994462339,5.36276290441463,2.7392389476048873,28.92781349215754,8.783212271690072,11.164460487754472,0,2.1742045280674707,2.916407774082966,5.437834405266095,6.421523204570567
qns31079_228,4.028015195526218,0,7.2742141773140645,1.5647700852993398,4.129857674517274,7.383036105376077,4.507245418141482,2.6650332855020746,29.496583397679533,5.094027347852682,13.958088372270181,0,2.917180855798558,3.816436353090206,5.793255408111381,7.372256323520943
qns31079_229,0.007914970778827597,0,5.216094048995889,0,1.2783907701692354,4.963841175670796,3.0342428540369015,0.26968368501825174,60.507938554868865,0.09356079914729551,12.556655074269798,0,1.149603705595991,0.6977221897883296,3.912928549622835,6.311423622036987
qns31079_230,3.0039224345333255,0,9.280241538722374,0,5.299685691406924,7.766117414033453,4.1516910927765664,0.925266188290959,30.587279993540488,6.83968132181586,14.1840012005804,0,1.823831834852534,2.5083010228947766,5.510678569182587,8.119301697369746
qns31079_231,6.138502983417134,0,7.047716679770287,0,2.8240948362143086,6.086830046364581,2.4577506269820297,1.1887235811744397,32.75192575980637,15.6526072748594,14.761862961391788,0,0.479035335157503,1.8075853691247985,3.7610878827129173,5.042276663024444
qns31079_232,0.6637290009028849,0,6.553481599313847,0,1.695171564486047,5.868392381603353,2.2702122948547347,0.8395029539194894,57.59486359833844,0,11.906939966239095,0,1.5808366610755205,1.0308822265748858,3.898235791914063,6.097751960777648
qns31079_233,19.206942509356733,0,7.771333858083823,0,1.9663907618908232,7.198511250418534,1.6894159524624388,0,39.09127904081486,2.793378403419254,8.62895136160702,0,0.9084280973866077,0.6099411642995053,4.4337584981923746,5.7016691020680295
qns31079_234,7.691417468708445,0,8.337903834594904,0.49740824633763575,2.8198631972990404,8.045134942437054,2.7923948788764164,1.8158615278398487,26.322307920521304,10.107304166529987,10.576700623490355,0,2.381596966798845,2.902519268416003,5.486374375405209,10.223212582744939
qns31079_236,6.775432373012498,0,7.326761244423863,0,3.473455019440109,7.201786184807483,3.6877846340096903,1.6320462380204899,36.61262766342156,4.619967303773009,10.315546138985209,0,2.257375634918703,2.2593685270045083,5.276993867095662,8.56085517108722
qns31079_237,2.589129963256107,0,8.119524498258597,0.7227503204768296,2.2955822054974746,7.826321739515614,1.7060283627927788,1.1931037379535154,47.275142441302336,2.0527651901345365,15.571465653879418,0,1.5859654084500057,1.8013553490952146,4.483121141960946,2.7777439874266356
qns31079_239,6.469653631254692,0,5.237915794285197,0,2.5307105471427045,5.556628111849196,1.7625038294140745,0.4937882432721842,48.74301853010671,2.9929539260342657,13.099521271241585,0,0.9627740465491545,1.3696889899114832,3.910646754465299,6.870196324473456
qns31079_240,4.562435905066523,1.2580838448715315,8.598766770703268,3.27042308007277,5.322265897883472,8.405444241014322,5.131726998972564,2.850576891981628,26.389244184474702,8.824908068416427,11.107566981250567,0,2.048443598296688,3.349425695705397,5.818981514012928,3.0617063272772107
qns31079_241,7.070005027987583,0.3073698451322264,7.869433485758082,1.403090718869037,4.513034692388786,6.902109193930162,4.08630316074132,2.1553684830836026,38.15040572635623,2.3505468372637988,8.30133091176796,0,2.7181483124963046,2.9424202318920236,5.271810314238553,5.958623058094318
qns31079_242,11.035881343193973,0,8.2075836717469,0,2.847671238699667,7.066272930590878,3.401465481175588,1.8070348109404932,35.197918391279465,8.84314528987275,9.043092345267596,0,2.061671469847296,1.5241386247729183,4.408386625197223,4.5557377774152705
qns31079_243,6.845402730115022,0.7145454201916442,8.256924886166752,3.914442716427928,5.260257730524785,7.423060118949265,5.908740737036621,3.6826531254861496,16.334084449204802,8.44521097419541,12.276892673161285,0,3.052041394378013,4.356796620093603,6.003179228159048,7.525767195909665
qns31079_244,7.49859227180061,1.1586386345682147,7.61493615770617,3.0036270151091524,4.878911266192527,7.493534105528979,5.006974425778991,3.0238099848910007,23.69070270847916,7.506561167129089,9.864845616817142,0,3.2121216273520035,3.9925164537251123,5.992160212714715,6.062068352207128
qns31079_245,3.5107523604410504,0,6.324286370509942,3.8139019789348803,4.2583277859956095,6.538309895059456,4.393423566450082,3.286405828240275,26.07141006047383,6.104360710007263,16.65529683412671,0,2.4530395050808282,3.3720058238449218,5.631312918081568,7.5871663627535755
qns31079_246,5.69341364517396,0,7.892772617305058,0.7103493517847093,3.7496947217971184,7.756736574656527,3.3275588883939653,1.8355740153221174,36.121218314009575,1.3121625515057704,12.693155527177877,0,2.2863460657051102,2.8611510340425834,5.7970930144645605,7.962773678661062
qns31079_247,9.281063722898995,0,7.997012615834829,1.0912937875313988,3.586444974504785,6.883794363494888,4.5943149349027,1.7582078473619513,27.34225795615569,9.80579405289173,10.761350806903708,0,1.9530118470055577,2.9203186322307255,5.688000195182224,6.3371342631008
qns31079_250,4.862096929047565,0,8.045759825796317,1.2399197550174872,3.88639365809587,7.7372671819140235,4.60699236678967,2.2587250815116575,23.50003448927774,11.571749714766666,12.843892456038994,0,2.120322889654606,3.3997102100797267,5.555466407877726,8.371669034131958
qns31079_251,8.326993127591575,0,6.714263237589892,0.525735380805164,3.2760361794598998,7.212732814045151,4.574244848717978,2.936860715770966,28.61737006210165,6.806870663351605,14.209305373053086,0,2.2310070184139996,2.9953020796129315,5.16746070454267,6.4058177949434265
qns31079_252,6.177042158400532,0,5.991962776685647,1.0591304611427006,3.4700905884316833,6.05891577700317,4.004522301402236,2.5330428986042044,34.257632134054475,6.8205850742040095,12.463192526277265,0,1.9044899369847899,2.7855088411382933,5.019157023379961,7.4547275022910435
qns31079_254,0.24707754664903603,0,7.618637489560827,0,4.481527965314846,8.604190629397308,2.5460234144405747,2.236495237288709,40.05411883839063,5.0827601611354805,12.902090427098164,0,2.5251049277515363,2.6171470735071605,5.755201690927326,5.329624598538408
qns31079_256,1.2733437858853214,0,6.872947148217568,0.702775592549036,2.904743976300549,7.286642367337483,2.5403765976797095,2.0083728901686153,44.73198942485869,5.949673851633972,9.715641269100889,0,2.0418001349818407,1.6292010640098684,4.590288447490154,7.7522034497863155
qns31079_257,6.6881005390508745,0,7.426600755329743,0,4.726468605522783,7.310360023236101,5.590388121927632,2.6763395593925177,27.590280286083186,6.574676430596034,11.298717744390963,0,2.663597394342614,3.6374898090327394,5.623241023550124,8.19373970754468
qns31079_258,6.456466013150032,0,9.26286737028778,3.63556327969922,4.43027613675323,8.442323377840596,4.134861735128151,1.2994711807889119,19.666705530742597,8.781471720146996,16.65790860621171,0,0.8057161096787936,3.083570188701692,4.974558857457499,8.368239893412802
qns31079_259,10.248433516071326,0,8.713247674747691,0.057393204066209305,4.47198033357101,7.259385064068971,3.3587147243075237,1.1476148126034669,29.13701164392244,3.9315493255514653,10.158727895714561,0,1.6633806759577485,2.54902407061264,5.103161098906832,12.200375959898103
qns31079_260,0.3909606633031435,0,7.833968778960807,0.7169215563336403,3.9572929386472757,7.267853937400176,3.868505984417441,1.6990965030732132,39.10177648400202,4.5950193384656615,12.595819025038512,0,2.6918786680721105,2.5993747733438264,5.201717742557189,7.479813606384962
qns31079_261,0,0,5.321115161137714,0,1.8941926292963416,5.787512121470825,2.8530090400840855,0.3286196302155979,54.62738486516928,3.556094263791302,12.978666437153313,0,1.666722753895057,0.6443060179312927,4.121058344630522,6.221318735224661
qns31079_262,4.52926161981387,0.5087425554025788,7.307272772571297,2.6258707531276384,5.143948698560328,7.582541177046437,4.443419237247622,2.989619012177413,26.508287128477022,8.589928433477828,10.32724496577327,0,3.3674511069811617,3.3235235738157862,6.1203263150480405,6.6325626504797075
qns31079_263,2.779505360567022,0,8.709505530284746,0,4.131320295256012,7.772334438791768,3.212102755933117,0.9612847322221025,37.03857191817627,4.038532827065822,14.814412282191977,0,1.6303016181588266,2.243871696525873,5.464996929127716,7.203259615698755
qns31079_264,2.593664015367634,0,7.737451627999749,0.47904409162267314,4.633569078060627,7.373513669300835,5.4626058923799885,2.5293712863171303,34.6876656487257,5.430991938982293,12.889361362383319,0,1.8599110014616231,1.931980101422989,5.384228223971318,7.00664206200412
qns31079_265,7.452546656427496,0,7.841202355197568,1.5273843028807157,3.847952179559575,7.283875427705805,3.925723741591948,1.566960847768099,26.013365220909957,8.097577843541682,13.712662241629978,0,1.933662766744643,3.1957842516463533,5.295421393213536,8.305880771182645
qns31079_266,7.230257868502783,0,7.777522755231828,0,0.19088022397123863,6.246177522764597,2.3389089074104,0,34.26616326975013,10.61064421661358,21.94114619893402,0,0,0,3.1336034410679594,6.264695595753454
qns31079_267,2.729981611155136,0,8.201638559930496,0.5792738059534818,4.023531928039684,7.578114871686352,5.401612888699833,2.1775000001956992,31.12186957737219,6.474120883226934,14.851669035872112,0,1.9227275594556181,2.659883954523579,5.49272092142659,6.785354402462299
qns31079_268,6.186458464525272,0,7.137260762749283,0.7311734876728135,4.246715407017144,7.089658988655653,4.005739121858225,1.207100964430757,35.491068294490034,3.6636190169359857,11.812477820762433,0,2.130916516880571,2.3399269488735213,5.530309616692234,8.427574588456055
qns31079_269,3.6195268133680036,0,9.867990343872572,11.134614693117708,12.706273584940709,9.728644153863119,2.598855038285119,3.012707655396998,8.190202621236889,6.522792874230768,8.70526938483498,0,4.581109672261399,5.551571015477099,7.502438498769107,6.278003650345526
qns31079_273,9.952169777169695,0,7.327886714715158,1.6312807750588272,3.5759889165506653,6.929012234730844,4.665515248301101,2.4745307458347057,26.905267830977053,5.277718434371555,12.88335397589645,0,2.890300053392087,3.495651390484937,5.297043229443815,6.694280673073106
qns31079_274,11.927532982932465,0,7.87408180137297,0,2.5267418167486335,6.361723035735039,3.6951324934825767,2.279715028439294,34.27762757316813,6.371036685634343,9.440847014759777,0,1.6877691224920661,2.385203321988314,4.697416586573596,6.475172536672795
qns31079_275,4.958175469892406,0,7.602931862103722,0,4.913650237470876,6.803418322040415,5.086139603732817,2.312461137017761,32.33687147793023,6.2806128217269706,12.538769871229041,0,2.085301274857361,3.8820737949651054,5.35855809564997,5.841036031383353
qns31079_276,3.1317216316262475,0,6.673288516517631,0,1.745520981733701,6.880963207042427,6.159999875329423,1.3354426928656344,49.29218993422347,1.415167052780691,9.42186127018553,0,2.0556856755646677,1.1617084497898054,3.9846638774007745,6.74178683494001
qns31079_277,7.040950997750041,0,7.447649178966517,0.6852612677850661,3.538917724575056,7.3722762792048435,4.021504986771907,1.7279671413671573,31.878854986280725,6.357902197043357,14.840775001691513,0,1.7268055224514869,2.9736298575265727,4.861251464993767,5.526253393591989
qns31079_278,19.4639764933969,0,9.711157464559303,0,2.2202409195156627,7.7134676545321526,4.661085170344952,1.9834945442755585,24.356363956414537,3.0783816919507996,9.576039261602984,0,2.667048315528122,2.906930108449388,5.4056090177518845,6.256205401677763
qns31079_279,6.05245094394809,0,6.38915940794242,0,2.616506795688594,6.725182500168099,4.680170348520381,1.9257369724654134,34.85919371225287,2.761630605006686,13.042609837370236,0,2.5328248256410015,2.5638927549817834,5.197036884419861,10.653604411594566
qns31079_280,2.9495686877493985,0,7.633202109265512,1.4939655860600305,4.580173941102236,7.467449482427294,4.577035519036421,3.60174038888496,24.75090025687493,10.437666322468568,13.36974837466357,0,2.6746197941107224,3.4894023830301935,6.454190663705719,6.520336490620419
qns31079_281,5.802516320807862,2.1240583190689626,7.877767896352037,2.492232091163042,4.306081204833796,7.607661018390768,5.3390400966272225,3.2516317608811596,24.452561411747926,8.556501396706736,10.810327048963918,0,3.1239232696944024,4.063205466894843,5.661006880232289,4.531485817635023
qns31079_282,1.186240811050196,0,6.253311143924057,0,1.1576338094416394,5.959851123059802,1.302270192770459,0.5657261360170391,54.41633496066777,0,13.042219015476611,0,2.4306586484092803,2.045381102014301,4.648510201610005,6.991862855558841
qns31079_283,7.812864845677299,0.8141518770672934,7.638014739237545,0,2.4613950711159545,6.651057443164257,3.622803142281176,1.6019950863692807,33.76539315472766,2.744394347097535,13.691216538860138,0,2.5239263355446173,2.9683373871257865,5.984723027430032,7.7197270043014274
qns31079_284,0.8302912413951317,0,6.56620935761742,0,3.671287442042436,7.1516808954495925,4.770011374400743,2.2380859931641424,41.23827754961169,0,16.492541363355286,0,2.8872957568578794,3.1588750589545627,6.269826649374448,4.725617317776673
qns31079_285,2.9452526468187643,0,6.912590816761248,0.8753160631349599,2.8338853323403823,7.05957790115199,2.3287484642458076,2.080641410560907,45.84167929598086,1.6179321105086437,10.051415088730892,0,2.9414773908509786,1.9916128382864773,5.584734461949604,6.935136178678493
qns31079_286,4.2323431072213635,0,8.411838671937165,0,4.582491922461306,8.215965389509487,4.039500858941157,1.4434383153167933,33.03013260903131,7.74406409612423,10.533044951708115,0,2.5286724523301185,2.853213150362544,6.031888677709028,6.353405797347388
qns31079_287,14.082773671042434,0,9.32170917760188,0.031503093022713965,3.574120229330187,8.693044957265258,4.749946814939658,1.6673641855655008,21.735044129864267,10.76208237853655,11.32128883535279,0,1.823926235793418,2.9666041246229766,5.647509909293539,3.6230822577688198
qns31079_288,3.0463056220472726,0,8.298155813503264,0.9576272394038693,3.500359638765808,7.315008938419432,4.411134575332812,2.180172337886366,34.07084613652983,10.91324018173844,10.536896950382125,0,2.658526099334484,2.522226346454666,5.921062002071221,3.6684381181304246
qns31079_289,2.7224505051604204,0,7.286195424754424,0.7252816565549028,3.0788960724883316,7.168432871212922,3.9075133124905,1.903886484501049,42.0039644255241,1.8069721124447258,11.81470627124676,0,2.5236373241557657,2.4148417988647175,5.002547819740729,7.6406739208606504
qns31079_291,0,0,6.601452509083893,0,7.880148641522602,6.479802089600531,0,0,48.01337668612425,0,11.342185323682298,0,0,4.472588971027456,4.085728091385935,11.124717687573028
qns31079_292,3.5387313233385878,0,7.77482550949015,0,2.978796543151563,7.50483404131097,5.947358511657736,0.31604863060998384,44.07589940287169,2.872708099319835,13.108937909850752,0,1.6726168825200713,2.7529572552918697,4.986702075620718,2.4695838149660743
qns31079_293,0,0,10.833539953309778,9.00384034553526,15.445318954134327,12.468769627707013,1.9437137740711288,2.3612818637418824,12.689808968085883,11.854050774198969,9.752305606273257,0,1.3903634090724286,4.133576200366294,6.316302824797394,1.8071276987063896
qns31079_294,11.136701563420964,0,8.79195940149962,0,3.4863930828744163,7.948611747003886,2.853395256171153,1.527718629694492,25.00468135462582,7.756086764725399,15.78840065938014,0,1.2135044510011583,2.8602288863038243,4.545489442960285,7.086828760338854
qns31079_295,0.7890386350068344,0,7.734319548459889,0,3.1572022338760655,7.35730783069857,6.33633191547233,0.4384402061684645,38.11109019089201,4.755560513509848,12.715395169315968,0,1.042080576043016,1.6105048831289406,5.355371347700251,10.597356949727802
qns31079_296,9.850971531015844,1.0185525728121947,7.898835836235474,2.8657843171702257,4.8372872278529915,7.261922145089312,4.767909171195012,3.5659156142117476,17.00311604288915,8.662832863845434,12.254257801990228,0,3.2925254324101862,4.497750591927555,5.957545965978103,6.264792885376526
qns31079_297,7.7612364007431,1.0871701936913252,8.349051692896643,1.7242435182145854,4.787922569802393,6.883362012536062,4.577751693031633,3.6136565117533404,17.874732797943118,10.49601525910553,14.612111068391703,0,2.690882040221454,4.540246417872156,6.09876795774391,4.902849866053047
qns31079_298,9.476068206217846,0,8.145445290743906,1.5380446739963503,4.384583020709921,7.771203534219641,4.753968873349686,2.688340231549337,22.94065782563164,10.859147265156137,9.967701403891741,0,2.855791386934093,3.445625327713659,5.5905875992059135,5.58283536068013
qns31079_299,12.939689873905538,0,6.814326163639027,0,2.984735092707344,6.794017186958066,2.6982187790261714,0.6022928909910675,33.250995012232636,4.7910965829195975,11.390812497266236,0,2.05822131967147,2.887920501596694,6.016670276627528,6.771003822458622
qns31079_303,2.239891020802187,0,9.660598153706884,0,4.6159884522979935,7.94388529463723,5.940559599116189,1.7641803670258063,34.418019990273734,1.5476556987855494,12.41186020701328,0,2.7831013870693764,2.924097789466458,6.012629315484701,7.737532724320596
qns31079_304,9.265853016095162,0,8.67462639943068,0,3.8287573130841857,7.633435147945762,3.2927753378448195,1.5938061148992366,27.17785577894664,7.896896399755998,12.128428314395466,0,2.0733842500392545,3.1822599368826947,4.561471150994575,8.69045083968552
qns31079_305,5.872317307254134,0.6985903641421661,7.901138399769571,0.839921714966563,4.413303659628035,6.98034596157153,6.364585691885906,2.8884867273399,19.486828799855044,10.575261267590063,13.802165108094913,0,2.8999403341101337,4.1091039921990715,5.713263084946645,7.454747586646319
qns31079_306,0,0,6.589498605343907,0.2691152209208095,3.5289334518985576,5.989662738751533,3.265122969811751,1.2673031544478857,56.85623443193444,0,7.97599180763574,0,2.043657155599142,1.6038387006350727,4.181836069070267,6.428805693950911
qns31079_307,1.813446712261432,0,5.794518178345935,0,1.212221014160836,5.982431797010477,2.3404446348337835,0.12654292278713306,55.92339187380987,0.729705302245518,11.725305845075512,0,1.9800867459857134,0.6638094477666217,4.593486110007614,7.11460941570955
qns31079_308,4.751546375200327,0,8.984719099066824,0.8226598460955306,4.531175982469185,9.063041526027089,3.3751082581246887,1.6129676816027678,26.359388185393556,11.372691092611912,10.07947141973676,0,2.6889729498335773,2.9956236750189937,6.166938971238036,7.19569493758076
qns31079_309,3.2353449649458486,0,8.056063789686501,0,2.469783119495659,7.167346606776656,3.626175560761725,0.7951118861352781,40.2186528069652,2.126095671934937,22.0887929842283,0,1.6551777697822105,1.374869753503187,5.164466504477678,2.022118581306823
qns31079_311,12.401410702615319,0,10.062127697207906,0,3.48499218471418,7.640431137129375,2.096628072469227,1.8292542735864215,20.538880347555036,11.988112518478427,16.280740629554828,0,0.7988278196789464,2.8836372619147377,5.476180880351281,4.518776474744303
qns31079_312,12.649889191035477,0,7.947378839958909,0,2.089420485087518,7.058782932069267,2.7445380703548827,1.6009227463117177,27.105482292651338,1.095401297831363,15.959920135099667,0,1.9276582768980668,1.8672084501702564,5.568331682581067,12.385065599950453
qns31079_313,2.5431973411703535,0,9.78687749115216,1.140095812434527,7.3636036068107025,9.434874224603371,3.9430162031609095,2.62664057724779,22.57873856749,2.807072978513643,14.84227528778725,0,2.4516885828258683,3.654789650813735,7.34497785843525,9.482151817554453
qns31079_314,8.982748979817865,0,7.195770919642419,0.37522497195033017,3.5052197956276565,7.278646718600766,4.108636042397914,1.7531767550486763,34.43445739945783,5.394456059408872,10.97013169049809,0,2.357747191459904,2.4706818211154804,4.911503703142588,6.261597951831606
qns31079_315,12.001828624870416,0,8.31001614573079,0,2.2226613602602905,7.619138527616892,2.3653984397598258,1.2036596433315394,26.84756782493955,7.120328622252378,17.88834493251745,0,0.6236130369895533,2.4336873099464365,5.340497984220006,6.023257547564863
qns31079_317,13.60307244468478,0,8.377183838851533,0.07226210905394173,3.8209594431624168,7.174814625103531,4.097598204450324,1.640327101475047,19.394194263512755,11.09329777345686,13.194280068138072,0,1.5789263753764209,3.0206831084526478,5.9439869180907845,6.98841372619088
qns31079_318,1.9104217275858113,0,9.055529754195653,0,2.014450722732175,7.792774274853366,4.007783572968697,1.0517540942983823,38.65266673616257,7.907506038860173,15.959717913140908,0,1.682149305556881,2.0600219179161194,5.271912655527205,2.633311286202055
qns31079_319,16.038142549626876,0,9.297803320166743,0.04669475406460968,3.2212962484960777,7.887905165936146,3.3046338543380682,1.6593733800589139,20.908312680050035,13.689675485335629,12.770361351656353,0,1.176544086520132,2.707492128926198,5.001384998684832,2.290379996139399
qns31079_320,5.468101178836496,0,8.305739069691162,1.3370804971681787,4.0364598682815025,7.7941540906310465,3.9999990208570217,2.5022667619393926,30.031897615485338,5.508269046311884,11.672942439604629,0,3.358584385222173,3.7896470948084966,5.3832520328616535,6.811606898301033
qns31079_321,5.114304171957866,1.4133850262820522,9.41387764723571,2.598773151503743,4.724447802042444,7.641224505056394,4.782142683388981,3.2332730578107842,26.11413081919136,4.203143719476751,12.388462275258707,0,2.9367470915967053,4.233001940505055,6.378591968488817,4.824494140204625
qns31079_322,0.3753710468359631,0,6.731943450352286,0,3.109273119629566,6.835508588992714,1.5550283594114003,0.8353049864150616,50.95766685661817,0.23688029171754,14.903978225455432,0,1.6881401247616143,1.7915556106166348,4.514452522089231,6.464896817104374
qns31079_323,0.5232973660232667,0,7.735129287411971,0,2.453047968313454,6.455627109046208,4.362997231980398,1.5257953826666286,52.797689715504184,0,11.984126083116962,0,2.1549538851240597,1.7922392929729885,4.769989923752066,3.445106754087832
qns31079_324,7.912976648803742,0,9.285437729732667,0,2.9241420906721873,8.485831384078379,2.8192894954227476,0.21362854406120785,28.355140952855983,12.789557179884984,12.110042568894954,0,1.1112941257562543,2.1260722422270755,4.910097356760723,6.9564896808491135
qns31079_326,1.2259473857120788,0,7.024710460284498,0,2.7918900692160573,6.800464606120024,3.893112519819878,1.4027058175630225,46.61266942870785,1.4521901706390814,12.330115927838762,0,2.4598195007036785,1.5153524483301029,5.086327129542238,7.404694535522729
qns31079_327,9.834826291832863,1.0910184065128459,8.777581338935537,0,4.808793819213389,7.529599890643588,5.279297238675395,2.834473826558991,23.958641332307764,8.654833175137938,9.844386678023763,0,2.886110793254894,4.276358863401194,5.641253770812816,4.582824574689041
qns31079_328,0,0,11.629348496707141,4.706022634444118,16.964139990329134,12.269783862396734,3.4361543768384184,0,19.05896346413092,13.114192212755576,7.399910361629572,0,2.245258442296187,2.863544643680492,6.067837649667561,0.244843865124144
